-0.1276597
-1.3140919
-1.4041996
-1.4657174
-116.5378612
-76.567903
14.5046117
4.4436244
33.6373765
-0.5370209
1.292222
12.570069
121.0599706
12.7040684
-1.796741
77.2173711
73.0629505
-118.25057
-118.1279002
-118.3079649
11.0037436
3.7102089
3.2260109
-1.0744016
2.3524282
-1.8747048
-1.5113334
-3.1932723
1.1528082
-4.1424595
-79.3849008
7.4513003
-81.677522
-83.0466755
-80.3098064
-89.2419946
151.9542619
4.8323239
10.000654
73.5101438
-1.6142059
150.8938903
-2.9311426
-1.375053
-2.2216087
10.7391111
-0.902493
0.4723823
44.378799
-4.225739
-3.9467751
-3.9360012
-118.1311823
-117.9434331
5.3269603
-2.7151735
7.2196765
0.2631161
-2.9805393
-157.8556764
152.76087
0.9046293
-79.7030516
-78.3272997
21.7910016
152.9076853
-4.7794976
22.2670522
11.4148038
10.1371858
-63.5760291
-95.6775557
116.3911947
-8.6875558
-16.9099496
-8.6192306
7.4651736
10.6847384
12.5326186
25.5327401
17.2473483
28.1847222
9.1751732
10.8876283
-8.4292178
123.734311
-7.6179071
9.9329662
6.6352091
150.178289
32.8519769
26.4148869
27.509836
27.8347381
30.4053578
29.9752911
30.2887286
29.0838956
30.5216389
32.4840399
27.4255716
29.2729091
18.0613098
51.4179604
13.5029449
152.9337861
0.5049347
18.0393715
17.5865242
51.6651161
46.2868574
50.006663
52.532674
-76.8861122
31.2866057
24.0315335
27.5618628
-79.0837
24.5612424
-82.3658562
-121.563321
18.6542829
28.1805556
56.2766447
35.3267707
43.3966821
36.1620594
34.630542
34.0292392
33.2224781
33.5169348
34.7136022
37.013697
35.8338214
32.3384354
34.9602453
39.483349
33.776791
40.519612
35.148063
31.7884026
42.7020768
42.1086262
41.504412
41.2758755
38.309269
38.2764355
40.2276235
37.1168827
38.7979301
42.4600581
-40.8380598
-2.1812607
14.5513137
7.0175786
9.47905
10.2134046
-3.8101067
97.625556
94.9213518
97.2094441
97.371389
94.733333
98.2
95.3924129
96.433333
96.0817861
95.8619463
98.6
52.3516439
-119.8038111
-106.6605124
-79.9668704
0.6893001
4.031926
5.0414699
2.2956951
1.2644847
7.2684054
0.1205044
6.0251224
7.7507127
-0.552322
5.9304919
1.0939658
2.2399217
3.1741734
3.1616649
2.3792644
6.1838123
-2.9974967
-1.2344047
23.71102
-104.6158181
-5.8147392
-8.4988272
21.6259782
9.2186549
25.4216251
-122.419199
-117.8617518
-114.061503
39.8246073
26.2154956
22.9001417
-118.3835898
35.9208284
-2.6725191
-83.7312291
28.3361107
15.3125974
-119.0219428
30.5279225
34.3635062
36.179602
36.063372
146.3608416
35.1100843
34.9535229
21.0180874
120.5864028
120.2835205
25.2853983
23.3147562
39.1909436
54.358325
-97.3327459
7.012273
-118.0100601
-118.0073973
52.370285
16.190348
20.2546049
49.5892538
-118.0578137
-118.0879779
131.8857067
37.6187089
50.1142415
49.1242266
55.9477285
56.2467244
39.2646882
38.9716537
83.7784296
87.1375029
39.7181403
65.5819746
27.9743799
16.5463648
74.6004596
80.2496216
68.7801624
106.918296
-1.9819572
14.6357061
2.1178034
6.6110207
13.1809271
10.1847938
32.3055053
-10.79777
1.2260469
28.2813812
-1.5234188
-5.0312999
15.0489991
39.2803756
3.9315363
11.85
33.78008
-13.2680158
-13.6999235
3.8969928
8.9
-9.5830103
32.5742539
43.1471141
7.4359863
-0.6330128
7.5
3.348
7.7
47.5255809
20.0669846
3.414
-118.1350617
-118.0434066
6.9964208
-118.0711847
-118.1712034
-117.962736
29.2027778
-104.8994694
-1.6444639
-96.8718354
18.6657306
-16.2536378
16.439737
8.0153315
50.612015
14.4413555
-4.728562
-15.4350514
-9.2417366
134.7536129
145.7832994
25.1328543
-122.3288811
-113.8096217
-111.8924659
6.6900832
24.7453688
149.7198009
13.4608643
19.1034796
16.2333298
-113.4900729
-122.3090675
83.9822292
-122.876411
106.8284591
18.4295028
37.6025729
-102.4597301
-1.8632663
-76.4805685
4.8652458
47.0700864
-123.3659414
27.8998573
30.9847222
32.0555556
7.2007542
19.9376173
26.5304071
27.2414481
20.1485919
117.7961309
26.7208333
25.9086101
-46.6375468
19.7006388
25.0401152
2.8199439
-71.2349114
120.589556
-0.8430289
24.9435079
25.6561599
29.766656
26.6999669
22.8442015
25.7192101
27.2726569
23.3199839
27.4689212
25.3192189
26.5119556
22.6890196
23.2202238
23.0298074
24.7498026
27.2587235
24.7008822
27.9014734
22.8833806
10.7861682
7.4892974
55.2963956
10.3958034
-0.6832777
17.028073
15.56956
30.9988466
-121.7528577
-121.8830761
-121.3275522
146.8239533
22.9330556
18.3962802
-115.1611806
31.3864903
30.9401454
22.2837049
16.1716148
19.3732343
21.7452654
19.0218414
19.1170825
16.2823844
6.6402058
125.7349937
-46.53333
-47.64917
129.843038
50.1959224
21.0866918
125.4115285
-45.8853145
-122.6741427
115.7464877
115.6336365
-117.7602277
21.9330073
49.6929163
48.3554251
49.0585193
46.9959823
46.2397493
13.3775644
46.2705196
46.0998282
52.6847484
54.9743639
57.6808799
18.4172485
48.8232792
51.3638967
52.8017664
55.6818373
61.4948182
48.2786525
50.8404948
48.1800919
44.9575589
51.6410993
49.3020915
48.487338
53.5557326
51.8686657
49.8691416
51.6799501
51.0572342
6.859351
-76.727392
19.8186432
-117.8754963
-117.9026558
24.3654077
19.4849915
-122.7461341
21.2418675
-81.9320157
-118.1875049
21.8768308
-79.9900861
44.765908
59.9508466
-47.8827491
-38.4820771
22.0154341
-87.3098696
11.3927685
6.6327025
114.6147159
43.6444625
43.8912283
45.5031287
44.53333
-118.4009164
42.75056
42.7740144
44.8935749
-80.2470591
144.3615609
-79.9402728
-122.2688278
37.8042197
19.9503207
-77.4420183
5.986167
5.48784
49.1799568
45.2040946
47.4308257
47.37
47.3577768
44.0650021
4.4631727
5.91167
36.0666
37.6500063
37.2682336
35.2833
6.8936189
6.7918655
5.21233
6.5680421
-122.2048017
-122.2013998
30.0268526
-122.891333
-71.2519852
-71.5514112
-106.487287
149.8421765
29.7783333
-118.7950658
-110.183056
2.2476436
-8.4759024
-6.2611661
-104.6
-107.7897766
-108.2939921
-122.6901612
-122.9500111
-122.4941877
-121.95
-122.85
-122.7651991
-122.3
-120.833333
-125.25
-123.1666718
-97.9339763
20.6110759
173.2836756
-76.7928128
176.252922
122.2176092
147.0646345
176.9181214
18.2873915
22.417088
22.9352716
141.3543999
27.3339743
-73.9284101
70.4601355
-78.5120913
-77.0306154
110.3764518
147.3273244
24.7937765
151.6666059
-116.559642
-116.392326
26.6656814
26.0236504
174.0806474
27.7755556
-75.4716219
30.6044785
9.91992
-71.5370216
178.0150687
5.3031044
-21.9399489
20.456805
121.2183594
119.5664994
120.4884652
120.3119216
121.753476
120.2793633
121.28468
120.52736
120.452538
120.818869
121.0043171
-40.2458578
29.3682312
175.2813186
74.2016285
-80.0807007
152.7007731
-80.9892314
11.2550368
11.1137891
10.5024804
10.401906
11.0969262
-73.9865813
-99.1332104
9.668953
9.0856219
10.7968319
8.823913
-6.5812073
-6.072605
7.6859719
8.2068525
7.5478699
8.4227666
17.6346815
11.1265895
12.3290979
11.7900471
10.9935543
-3.7874961
2.4448353
74.0639783
13.6184546
13.2376674
9.843378
85.3079209
13.5896536
15.0870338
15.554114
15.2829873
14.887335
16.598705
17.1271705
15.808567
14.66753
73.7445689
15.7744445
12.3890104
16.861828
18.1718482
16.2908676
152.8535216
14.7824639
14.7660005
12.0409384
10.3280355
12.2017617
12.5686168
13.5863341
12.6366336
13.3934795
14.2137512
174.3198652
-112.044349
12.4841965
12.9035737
12.1039438
8.550912
73.688386
113.6576408
20.1963624
25.8528901
53.9906132
-122.1634477
67.019108
54.1247155
25.7458628
29.2919545
-8.7244751
-71.8908086
19.0404712
37.7681522
153.0917833
25.8614287
68.8588668
68.7645553
-4.193018
-6.2680397
-48.5341646
-72.6173667
-72.7328818
71.981283
-113.9952608
-111.3068028
106.7074328
18.3172975
43.1270083
26.1027436
-119.6970239
31.5982172
51.9297862
-44.3180421
42.989606
-81.3790462
31.3738839
-122.2728222
21.8957301
-75.9288612
147.0025982
20.6259668
-66.3770444
-77.1445069
73.0790834
-120.5296561
149.1264221
49.6640767
148.6925158
147.3677739
141.4650344
100.6446231
100.2568064
73.2223223
151.3561111
148.6026502
150.931072
151.5511123
72.8562668
112.7447936
151.3417318
28.5825271
101.3713628
28.7762951
146.0468933
-116.6248246
102.6133707
0.6267842
-93.6037149
75.1746226
24.8719422
18.0882728
26.2515719
25.7886792
14.2398479
28.8605935
23.0559388
44.3660668
44.5125849
41.2317371
21.9218706
26.6324659
-1.7519316
101.406511
102.1056616
-2.8467532
106.726536
103.1866259
21.4281115
22.9457579
22.3986938
24.3664979
24.3735182
-121.2880059
27.3311998
28.2694353
-51.5209306
-51.6059652
153.41546
26.2513165
22.8797292
-73.4879659
40.9256164
149.1867614
20.7384293
-152.4072222
-149.9002806
-122.7144314
-117.3961623
-121.9551744
-117.5664449
-112.3261617
-120.6912456
-118.3527104
-113.5841313
-118.3406288
-118.3958036
-114.9819235
-122.0399663
-117.435048
-112.0010501
-118.1367393
-75.9852789
-121.4943996
-117.0358646
-123.8157218
-122.0363496
-112.0740374
-121.8946762
-117.0619774
-121.3716178
-117.0814849
-119.7526936
-117.9389526
-118.542586
-120.4358577
-119.2920585
-122.3477486
121.8936147
-90.2290099
-95.2091006
-92.0198427
-91.1129234
-109.5462146
-106.6509851
-92.3429631
-93.1022043
-97.7277959
-95.2352501
-97.9297743
-100.4995214
-104.9847034
-92.2895948
-96.9488945
-95.9378732
-90.4070632
-97.1080656
-99.141433
-94.1574328
-97.1330683
-98.1128223
-97.4890856
-97.3955744
-94.8161127
-108.5506486
-98.6863446
-92.4451371
-93.2173759
-104.8319196
-90.5776368
-90.0633625
-104.609141
-97.3375448
-100.896761
-98.1244607
-97.9908429
-98.6186317
-97.7425618
2.1702046
1.1076133
-88.109875
-86.1580447
-88.2942493
-86.5861159
-88.3086977
-85.3096801
-86.8024326
-88.813947
-86.618842
-88.0817252
-88.3773279
-87.2169149
-89.9112124
-85.6545729
-87.500043
-86.5705084
-85.6457663
-88.5405213
-88.9548001
-85.1386015
-89.093966
-85.5872286
-88.3200715
-81.0558894
-84.3901849
-82.7873244
-82.3534728
-84.5138592
-82.4584279
-82.8001026
-80.8075538
-81.8723084
-81.9498042
-80.1433786
-80.0996306
-80.7209149
-80.6429695
-80.0728201
-80.8431268
-81.2595487
-84.9992683
-80.1272705
-80.0533746
-83.376678
-82.4609603
-80.3975399
-82.5748194
-81.2207673
-81.6326301
-80.0664309
-81.655651
-82.0453664
-81.9748429
-80.0830984
-81.0998342
-82.5540161
22.37244
16.5743698
38.4375968
-79.8011553
-79.6441646
-78.8783585
-78.8783834
-78.8783689
-79.9414313
-78.394736
-75.163789
-76.7074502
-77.0363716
-79.7919754
-75.5993692
-75.88131
-77.4019268
-75.5235167
-77.7199932
-78.7625185
-76.1474244
-75.0393368
-76.428003
-78.6386145
-78.1633342
-74.4229351
-73.2006687
-71.4128343
-74.1723667
-72.589811
-74.4518173
-74.0776417
-74.1979576
-71.8022934
-73.425676
-73.2114941
-69.7793295
-68.7710786
-70.2548596
-72.9153827
148.7876982
-71.9570622
43.0666626
-43.0426162
-42.8983121
121.1717845
21.4312256
45.4094332
-43.1154552
69.4733654
-86.2745569
66.6157469
175.070218
65.3218732
44.7680018
-73.8287965
44.7884942
16.845429
44.9910574
37.9163892
19.1349298
132.56549
132.21964
40.1043183
44.2701877
45.1836899
94.4235529
45.6861979
158.6467983
48.0374537
150.8051261
41.4487
69.0247617
52.3992173
73.3962717
55.9522577
43.4617405
58.4738184
76.58037
86.6427311
41.1252241
61.9204311
37.8340201
42.1960235
37.89377
60.107973
41.3140018
59.9433316
41.9408684
49.6038982
37.4231938
42.0447
54.2615113
39.9359914
38.4884539
72.6097159
49.9483631
84.8810109
48.2938068
88.0704615
132.1853629
68.2505938
35.8851686
-59.9856354
34.7804076
73.8282358
140.7236624
-84.1027068
-59.109508
-57.5500036
-68.0549937
-60.5171971
-58.9138501
-60.4393207
-58.269444
-64.3510601
-59.3349156
-65.4169479
-71.2993226
-68.5283829
-66.3357164
-68.3271603
-60.7029753
-64.2623594
-68.3073246
-62.2654621
-58.2125517
-60.7166716
-58.0173305
-65.4674157
-58.8347648
-57.8822221
-58.1771174
-67.6890999
