51.5072759
51.0623551
50.9035305
53.3820287
33.8498458
39.2810502
46.0544459
50.4120332
34.9173073
53.2343427
52.6285753
55.6867239
14.6801169
56.0441984
51.5677333
28.6092825
33.6946934
34.1420882
34.0930855
34.1819538
49.598038
51.0621881
51.2082896
50.8065249
48.8564528
50.720157
52.4080477
55.9483399
52.0580055
50.3712779
43.6529206
46.9480572
41.4877262
42.3316454
43.3842987
48.4170494
-27.5648552
45.7575958
53.5503414
4.174718
54.9770924
-34.4242854
54.900404
54.9063791
52.1918253
59.9132694
52.2385239
51.7345403
33.3024251
57.4790124
51.6211442
56.1181242
34.0613912
33.7753566
60.394973
52.0553813
51.5377786
52.3998399
53.4054719
21.304547
-27.6160135
51.8931303
44.3787033
44.2876446
61.4867236
-31.4493064
37.8844099
60.4517531
53.6288297
54.3216753
44.6492936
39.0490111
39.9064705
39.2358549
32.6475146
41.5314496
51.5113709
53.8664436
55.678016
-33.9434595
49.5954189
-25.7249999
47.6589856
49.892691
40.2114939
13.1376189
33.596439
49.79245
51.4504762
-35.7072183
39.9272322
40.1500808
40.9800799
37.842494
40.7842005
40.1435101
37.7248394
37.7725246
39.7688617
37.8721123
38.6155029
40.6556669
59.3307611
35.6884244
59.3799136
-29.6912217
51.389062
48.8923583
48.3772086
32.6705341
38.0775595
36.2804074
29.6130192
40.2663107
51.4997394
49.8418918
53.9022531
43.08872
46.5446738
23.1379911
37.006164
54.3482114
-26.2294444
27.1781213
36.9970414
38.4992518
36.2019598
36.81275
38.370254
37.1792447
39.847147
38.6223688
39.749781
40.6502007
41.6338394
40.5491496
40.460889
41.377974
41.022809
42.0258451
41.4523739
41.1140869
38.4001725
38.747307
39.9082459
38.350261
37.7640008
37.9115543
36.7180419
37.158602
37.5188049
-14.8498325
53.0162014
53.4301652
51.049718
55.4894999
56.1496278
43.4623102
16.4913891
20.1491458
19.674167
16.920556
16.783333
14.083333
21.4587531
18.933333
21.9796979
20.8814233
12.433333
36.4700774
36.7606584
52.1303794
22.4127416
47.3906174
49.2577886
47.3215807
49.8941708
45.8354243
43.7009504
49.4937574
47.2415468
48.584614
47.4707243
43.1257311
49.4404591
48.8357506
50.6915893
50.7271174
51.0335888
48.6928048
51.5882332
54.5760419
56.6578041
50.4480951
35.7679823
33.2429276
47.531399
49.1422908
57.5391883
37.7789601
33.7491288
51.0455535
64.5634125
-29.1163947
45.8845378
33.9116166
56.858675
42.8463696
42.2681569
57.8190485
-4.3217055
35.3713431
56.3423598
53.2442476
51.739433
52.9714692
-41.1797753
47.8600074
29.5586238
56.5113513
15.160632
14.8314675
54.6843136
55.9268086
-6.1626527
31.8946801
32.753177
51.4552058
33.9106246
33.8767781
33.3790465
58.5909128
63.8212012
37.281768
34.1080772
34.0676174
43.1214207
55.7516147
53.1984756
55.7823547
54.7262869
58.0149643
51.7126377
45.031826
53.3474212
53.7589831
54.6163256
57.1369473
45.2715045
59.6110996
42.870403
50.4053257
38.5346847
47.9160182
43.3205068
63.1793655
13.5158988
36.3612367
32.8944978
36.8001077
31.263235
6.3279815
6.1275372
-15.4166967
12.3683389
7.6905207
12.1130019
-6.8142737
7.8410537
-4.8
-13.9859979
8.4790017
9.5171253
7.3786064
9.917
30.4170052
-25.9512288
11.5936909
10.5182899
35.6970213
6.45
7.161
11.067
-18.9100122
32.1170043
6.452
34.1861847
33.8209464
49.2345288
33.8566959
33.8980532
33.7038168
-26.5161111
21.5016086
42.8188566
50.1439939
50.294113
28.4597823
43.5113941
50.8705296
35.9566729
45.3271244
41.6521328
28.1287799
32.3004124
-29.0133608
-16.9243043
35.3340134
47.5992959
52.2685545
50.5704252
51.1958431
59.4372156
-34.7523871
-5.8256527
1.6084795
-2.1666825
53.5451595
37.5445445
28.2161361
42.3234114
-6.1809269
43.858599
47.1110487
51.2116824
38.99204
44.2299666
50.4653008
38.4753354
48.4287224
-33.0191604
-25.4819444
-28.7747222
51.6118188
50.0617795
55.8627523
-25.6656553
46.2545268
-22.693894
-27.9830556
-24.6585601
-23.5561782
52.5465149
60.3091422
41.9793006
46.8257374
15.485997
9.4043366
60.1666277
60.9833453
62.6000156
60.8666842
62.7954104
66.4976214
61.6877956
42.6973054
42.5030458
42.8744219
42.4850954
42.2809956
43.4088985
42.6088723
42.1419116
44.1172531
41.5769241
43.2166429
44.0015396
52.4205588
9.0643305
25.2683592
63.4263262
37.977719
54.4649331
54.18195
30.7858575
36.9092112
37.3440279
36.4270004
-19.256934
54.0994444
54.5706054
36.145204
31.0375664
31.111221
52.1683681
51.2072213
51.3639081
50.6896571
50.2593174
50.8130073
50.7698781
49.7557338
39.0143504
-23.4627799
-22.72528
42.9666965
26.3029361
46.6849789
38.7367448
-23.180772
45.5202247
-32.2869076
-33.3403542
33.9929958
47.0658723
34.0933691
33.4875454
33.4907528
35.3172604
37.3916711
49.7470607
36.2427462
36.9691256
36.5455753
36.4136841
36.2134053
-33.9289049
34.2948394
32.6341756
29.8676114
29.4489281
31.0277839
30.3519801
28.9682082
30.4415718
38.5526991
35.3326516
31.9455837
36.6725929
28.4976969
32.0119245
31.8321855
35.4767397
35.6592421
51.4980458
39.962398
41.3273683
33.6235986
34.0886811
55.729171
40.4582944
53.9172526
-28.4563248
34.9498007
33.7776499
45.320454
40.4416941
43.2177784
57.905149
-15.7941878
-12.9816356
50.0389525
36.5285918
47.2654296
46.5218269
-28.77035
3.1199508
4.1232117
2.7781441
1.78333
33.89518
0.07222
0.4931586
2.6191506
43.5461764
-38.1496881
32.7876012
37.5601324
48.0010796
49.2947723
37.541239
50.8842812
51.43406
11.2784679
4.7355786
6.7697256
10.61806
8.4755586
9.5600006
51.9228958
51.98466
-0.2832978
0.0500034
-1.521219
-0.3666
52.2179694
52.2670143
52.37445
53.2190692
47.4747741
47.9673056
-22.3453519
47.0414804
-29.9026538
-33.0188892
31.7600372
-29.4641831
-28.5519444
55.1703072
54.465
41.4500947
54.2718711
53.3492787
52.866667
50.2921195
52.7811146
49.2221074
49.2500011
52.9755393
49.166667
49.283333
49.2559998
49.05
56.25
50.016667
49.3333281
49.1825586
52.8814075
-41.2710849
17.9712148
-38.1381493
-17.9640268
-38.1054104
-39.4910366
49.8369609
39.6369927
40.6403167
43.0619001
56.5051394
41.7065779
34.4301914
-0.2201687
-12.0459739
-7.7871982
-42.8824593
46.2176969
-30.5133616
43.5737361
43.6086295
-26.8625383
44.9417468
-39.0579941
-26.0955556
40.6022032
59.7484419
57.0480541
43.207106
-38.6609674
51.6889351
64.147317
44.8178836
24.9457522
23.5658452
22.6697227
22.6208556
24.751682
23.1724781
24.92885
23.697651
23.481568
24.5614721
24.8396517
-15.2451518
-3.3585234
-37.7876214
32.1622967
42.1155716
-25.5460201
46.4897869
43.77041
42.7599201
43.84149
43.7159277
43.880598
40.7305993
19.4325305
45.6979811
45.8104264
45.1598944
45.8183902
34.258942
33.8302864
45.0709201
44.9006793
44.3895619
45.3251557
47.687609
46.0673238
45.4386706
45.0709468
45.4382222
37.7701448
41.5398292
32.5684068
45.9412541
46.0650933
44.1105467
27.7089628
37.316522
37.5028972
38.1940297
37.0714069
37.6162936
38.890788
39.0806571
40.644317
41.560027
33.1475393
50.0375106
43.1119613
41.125606
40.3570373
41.2306372
-25.2985784
41.1295587
40.6779286
44.2226017
44.8013504
44.4161414
44.0593654
42.8546936
43.7263496
42.3650435
42.4645699
-35.7267854
43.4930789
41.9071505
41.4672589
42.4164974
40.729561
33.3443322
-24.8826103
47.1749325
-9.202087
57.0525057
37.4421624
30.1898249
56.7726985
62.2393888
0.1249694
42.2376383
45.40379
47.4983377
44.7241965
-26.6547164
-17.8531351
27.6961848
27.5302844
14.5000371
13.4415633
-27.5900014
45.1126249
45.4080006
34.0155606
46.8700593
47.50527
20.8476125
43.813319
36.3465735
44.4361391
34.4098107
4.8434842
47.1140881
-23.0066543
36.8540338
28.5421175
21.7904253
37.871571
43.321504
40.3364587
-6.7321517
50.8746557
50.2128658
-12.0465478
31.4186796
46.5967275
-36.23563
58.6032812
-33.8349393
-35.1149957
-31.9584258
14.8040492
16.818956
34.1575766
-32.8333333
-32.2478964
-31.0917974
-32.7316683
32.9326612
-7.2445967
-33.4250175
43.8158666
14.0549259
55.4857019
-34.2878405
31.860742
17.9640988
41.6147605
41.5910641
30.819294
44.8572343
51.7650782
47.6472323
45.8616793
36.0428907
47.0122737
47.1815951
40.2972796
40.1776121
37.0539702
39.3633232
44.7167675
4.887401
21.0060466
21.6834928
42.5770013
15.3473583
19.454856
38.3687776
39.3609876
44.72284
44.4296704
45.1100616
38.7521235
44.1960915
44.2471725
-29.1654171
-28.783079
-28.0020594
50.6196175
47.7945819
44.6967952
57.7672092
-21.1415238
42.2103619
57.79
61.218056
38.4404675
33.9533546
37.3541132
33.8752945
48.6330395
35.6267654
33.9623032
37.104153
33.8358492
34.0214121
36.0391456
38.2493581
34.0922335
40.6916132
34.6980406
40.9646867
38.5815719
32.9628234
46.9753708
37.3688301
33.4483772
36.6002379
34.0039044
38.4087993
33.1216751
39.5349169
34.0686208
34.3916641
34.9531295
36.3302284
37.9357576
-33.8592856
39.7339361
29.6910625
30.2240897
40.8075391
38.5738096
35.0841034
42.4927641
44.9553658
31.1171194
38.9716689
38.0608444
28.7091433
39.7391536
34.7464809
32.8140177
41.2587317
39.3022693
32.735687
29.3474631
36.0625843
33.2148412
32.8084605
25.9140256
27.8002542
38.8843867
39.0638706
29.5627819
31.3112936
30.2265949
39.729432
41.5236436
40.3014316
38.2544472
37.6922361
29.3627296
29.7030097
26.1595156
29.4952307
30.2674473
41.3856804
41.1555564
41.8663868
39.7683795
42.1655801
34.7304322
41.9141984
35.0456297
33.5206824
35.614517
30.4057552
41.525031
39.4842821
30.421309
38.5922715
30.1600827
41.5833658
30.7621326
42.6745321
37.7385
39.8403147
41.0799898
42.2713945
42.291707
41.7605849
29.2858129
33.7490987
27.9094665
36.3134398
39.1014564
27.9475216
27.9658533
28.6122187
26.640628
28.0394654
26.1223084
26.318342
40.0639616
28.0331886
26.4614625
35.2270869
40.8372858
41.6348464
25.7881436
26.7153425
33.9595974
35.3187317
27.6387163
27.4989278
29.5541432
38.3498221
26.5253491
30.3321838
26.9297836
33.4709714
26.3586885
32.0835407
35.6009498
37.5102098
51.843306
55.7955391
43.3235642
43.5892854
35.0526641
43.0206785
42.8864468
37.270973
40.518681
39.952335
37.2707028
38.8951148
36.0726355
38.3606736
41.2459193
37.227928
42.5311891
39.6417629
39.6528654
43.0481221
39.4020593
36.9787588
35.772096
39.1856588
39.3642852
40.8559314
41.8239891
40.735657
42.1014831
40.4862174
40.7281575
39.9537359
42.2625932
40.868154
44.4723989
44.3105322
44.8011669
43.6610277
40.7792653
-26.5717226
46.055102
44.0410835
-22.6604221
-22.7554207
14.585672
41.9958279
39.2102119
-22.8832371
56.1109131
12.1357464
66.5375387
-41.1240674
55.4543487
38.1970009
-41.8681587
41.7185081
46.8390658
41.5577151
59.1286965
50.2806917
34.2489904
34.1671703
44.6062704
46.3069981
54.1877469
51.7078797
43.3200783
53.0626972
46.3489385
59.558853
52.7296
61.0026882
55.7420117
61.2540052
53.6323734
56.2382157
51.2305134
60.9340439
53.8730301
44.9986975
56.404903
55.9205587
47.5087417
55.6783142
55.0695805
56.3583676
56.905645
44.6333559
54.2188995
54.9156686
55.5738
56.09923
47.7558238
52.613814
61.0956949
53.0992438
56.6031627
42.0576987
53.686445
43.3570377
58.2012851
34.8936203
-3.1331055
32.0193121
15.4992456
41.7689895
9.9354829
-34.5668306
-37.9999965
-38.9574756
-31.7432607
-34.458733
-26.7928815
-34.720278
-33.1315202
-35.4005052
-24.7913958
-41.1417265
-31.5358502
-33.3020357
-34.6168424
-31.6184553
-27.7938509
-54.8069332
-38.7176804
-34.7613064
-32.8166653
-31.3972539
-25.2800807
-27.4717843
-34.875833
-26.181931
-34.9775147
