1.16
0.71
0.41
0.25
0.15
0.08
0.05
0.03
0.01
0.01
0.00
0.00
0.00
0.00
0.00
0.00
0.00
0.00
0.00
0.00
0.00
0.00
0.00
0.00
0.00
0.00
0.00
0.00
0.00
0.00
0.00
0.00
0.00
0.00
0.00
0.00
0.00
0.00
0.00
0.00
0.00
0.00
0.00
0.00
0.00
0.00
0.00
0.00
0.00
0.00
0.00
0.00
0.00
0.00
0.00
0.00
0.00
0.00
0.00
0.00
0.00
0.00
0.00
0.00
0.00
0.00
0.00
0.00
0.00
0.00
0.00
0.00
0.00
0.00
0.00
0.00
0.00
0.00
0.00
0.00
0.00
0.00
0.00
0.00
0.00
0.00
0.00
0.01
0.01
0.03
0.05
0.09
0.15
0.28
0.48
0.83
1.41
2.32
3.30
4.82
7.55
10.80
12.92
14.46
19.13
25.21
30.13
32.59
36.55
45.36
42.24
53.18
51.58
62.22
68.39
66.87
70.28
63.86
53.18
52.94
67.46
82.89
88.26
87.60
97.34
117.30
134.40
146.70
162.10
216.30
235.50
230.40
236.40
262.30
246.20
233.40
235.30
260.70
312.10
313.50
300.00
302.00
338.00
316.00
235.80
220.50
203.00
236.60
268.50
250.70
244.90
229.60
212.20
208.60
219.50
259.00
305.10
342.10
362.30
364.80
382.10
390.60
374.30
350.10
330.60
342.60
360.60
389.30
353.30
275.00
265.30
302.80
295.10
291.10
303.10
367.30
417.20
410.10
408.40
482.50
528.70
517.10
523.80
562.10
572.80
616.80
674.00
699.90
664.30
647.10
667.10
702.10
738.70
785.10
693.70
529.10
541.40
694.90
645.40
472.80
352.40
363.00
393.10
405.20
454.80
480.40
534.60
504.90
533.10
452.10
461.80
497.90
452.70
504.20
410.50
343.50
324.40
379.60
351.20
351.30
358.60
386.70
483.00
476.80
432.70
454.60
322.70
279.20
349.50
334.60
324.40
269.10
266.40
266.80
263.20
250.90
266.40
264.60
233.30
247.60
197.60
248.40
274.10
248.50
218.50
222.40
214.90
208.00
213.80
205.60
215.20
180.50
229.20
162.60
143.50
126.60
99.65
83.04
68.83
60.93
54.77
51.75
59.45
55.05
50.90
47.98
43.71
41.62
37.05
37.11
39.11
34.63
31.67
33.72
29.08
22.07
18.52
14.89
11.22
8.72
6.84
5.20
4.29
3.25
2.63
1.73
1.06
